100 100
0011010111110001011100110110011001100100011000101100011111110010101001111101010100110001111011100000
1000111101001000010110111010001011101010010010111100010111111110011010110111001011011100110110011110
1001101011110011011110101101011111101110100000100001100101000110010001001101100000001000011100001111
0111110000110101010000001011101110111110110101110011011000011011111101001101111000011110110100001010
1100000011101110100111011011000011101111011101001111000100100111100010011100000110101100101100100110
0001101000011011000101111110001111110000111110010111001010010101010011100111010011011100100011111000
1011100001101000001110111011011100110000010111000010100110000100110000000101011011101010101011011110
0010000111001111011110111010001101010111001001010001110100011110101111100001110101000001110110010101
0110101101000111111010011100110011111001111101101111000110111111000111111110011101111000001110111111
1011011101000000111111010011111101010110101111101011101010100100100001000101110001010100010011011110
0011001101000011011111010000010110111001010101111000110001011100011011010110001111110101111110110110
1001011000010011101001011111001010100111011001101001001110110100110000100111110101000111100101101111
1001001000000010000110101110001000101000001111110001000110110011010010011011100001010001011100111001
0101000101100010101000010110100111010010100001100110000110001001010100001111000011010111011101110010
0110111110010111101000100011100110010111110101101101010101101010101001010011110111111101001100100100
1000101110010110110101010000001111110001000101101010011110111101110010101000011110010000011110011101
0111110110111101010010101110101110011011110000000010001000111110100111100110000111001111101000000100
0010011000010010101001010001110110001001111001111011010010100011111110100111010110101000100000100111
1001101011111001000100011110011110010000110100111110010111100100110001100010101010111000111001100001
1101001011010000001011111000110100010010111001101000000101011100000111101111110011110000101000001011
0010001000011110111110000100100001000111010111110001000011010101111011001111001000111100100111100110
1111111011110010100101001010110111111101111001000100011110111110001111101010110100111000100100001111
0001010011001110000000001111111100111010110100101110101000001101110100101101001111110010010100000110
0001110011110100101001001001110100000111110110100010000001100000001011010100001101000110100000011100
1001110100101011000110110000110011111001011000111110000101011110100000100100101110101010111111110001
0101100000011100100101100110101111001110111000001010110010010100100011101011101101000100101000000000
0110110110111000001100100101110110110111001111011110111010010001100010010111011100110101001001001100
0110000101111110001011111010100111110101001100100100111101000010100001110000110011111111011001110001
0110100010001000000101111110101010011100111100010011011001000110101010100100011010010011100011110101
1101101101011100100101010111000111100001101001111101110111010111110000011001100111001011011100100110
0000000111111111110000110101100010010110010011111110100010100000010100010001000001001110100001101111
1111101110000000100110100001101001000110100100101001101000110011100011000001110001011001100110010011
1100011011001001011010100101000110111101010111111011001011000001011011000101010011110000100000000011
0100110010011010011010001010000010110000101001111011001000101101000110111110011101100001111001011101
1000110000101101011111010010010000000110110100100111001101101101111110011110110001000011110111111110
0110110100101011110110001010011110000100010110110001101100101110010010100000010000011111010110111100
0100111011010100010101010010111011011110111100000101000110000101000111111011001101111110101111000000
0000110001100000010110001000110101001001110101010010110111111110110000011101001100100110011001010001
0000110101010010000101000111101110001100010111000110010111111001011000011110000010000001111011000011
1100010110011101000000111101110001110110011111010001001010100011111110101001011000010000000000100011
0100001010101000110010110111110001010110110010110101011001001101001101110011000000101011000100110010
0101100000111111011111111110111100100101010000000010001001111000101101010111000111000111101110100100
1010110101110011001000011111110111110101101101001101010011111001010110000110101001001101001111011011
1101110011001111000010111010000101001110100000010011001110101101100100000010000111001100101011011101
0010111101010110110000110010101110111101100010101010101011010110110101001101110101001110101100111101
1011101100111011011111110000001110110111011101011111000100010011000111111101001011100001110100011111
0010110000010010101001101111010001000100110110000010111101101101100110101010001001011101100000001011
1100011111110100010010011010110101010111011011100001010110000101110100111101100000110110000011101010
1011110100000110010010101101011111000111000100001101001010100101011100101000100000101111011110010011
0001011110111011100111100010001111101111010100001000011101111001010000000110110010101100010101111001
0011101001011000001000111101011110111100011011111110000001000000000011111111000001111001110010100000
1110011111101101110111111010110011111100010010100111111001001101001110001111011010011110010000011101
1010010000101110110111101001111010111100000010010111111010101110110111111001110011110111000110101010
0001010100110001001110010111011011111101111001100100011000110110011101001100110100011001101000001001
1110111111011101110001001100001010010111011001011010100101011010010010110000001011111100000101010101
0010101001010110111001001111000011101001111011101101111101001110111011010010111100111101101011001111
1001011010100000001101001101001100000110001010000011011001100101110101101000010101111011010010000001
0111010101001110001001001000001101110010000100000101000011000101100010001101110000111100110001101111
1001100010110100001110111001011110011110000000010000100100001010111000001101010100100000111000101111
0010100111101110100100001110000100000110100010010100000101110011101011111100000011001001010010010111
1010001011000011011010101001000100100101110101000001101100101110111011001010100110101011000110001110
1011010011101001000100110101011001111010000101010110100110111110011011000100101000000110100101001101
1000111001000000100111101111111100110010000010111101001111000110100001011110101101011011011001101001
1111001101000001110101100110011000000011110111000000110100101001100010011101110011001010000111000100
0100110111111001111000111011110001011001011000101101110110110101101011100101011111010000101110100110
1010101100000001010101100100011100101101101001001101000110011001011011101100000101000011100100110011
1111111011100011001010001000101010001100110101010110101111011110011001100101000111111111110011110001
1010100001000101001110101000110111010110010011111101001110011110101100010100001001011001000101011010
0010111010011000011111000100100000101110100100101100101001101110110100101000001001100101001000110000
0111011100010111010110011110000100110100011100011011111001100000011101110100100110001111101101101001
0011011000101010010110001110101000100010100101110000100110011110010111000110000010111100100100111001
1001010101010000111000111111101111100100100001110001110100011010101010001111111111100111010100000110
1001110100000000100001010110010101001111011111101000000111001111110100000100110101110111101001001110
0000010000101000010000110110100110010001011011001000000101000001110011000110010000111011100100100100
1110010000110001111001010101001110100001011011101100101100000100110000100010110111111001010110101010
1001001100111011000101110001001001111110011110010111110001101000001111010111010110111011000101101011
1010100111111001100001011010110000001011100001000000001010101110001101001010100100111001001011111010
0000101101000010111100110101110101011011100110100011100011111001111111100101101011000111010011110010
1001110001101011001011000000001001001001101101011111011101100011111111000010111001010100001001001100
0001000010001110101100011010001011111000010111111101111101011001100100111110011111111001110101000001
1010100100100111010100000101110011001001110000101100100011001100011000110000110000001111000101101100
1100001101101111011001000111110000010000011001011100101111000000111001110000111100111001101000110001
0000010111101010000100100010111101100011000011101001001001110100111001011111000001101011011100101110
0111111011001101011100010100000000010110000110001000101000100011110011000001110011111110110010101101
1101111111010010101101010011111110011010110100001010101110111100110001101011010001001010000000001011
1001001101111110000100100010001100111110100011010111110100010111000111111010001010010101011010000100
1111011001101000111011110011101110001011011100101001111101100001111101100101100111110100110010001010
0100111011010001100111011111011001110111000111010000010101101100101001110100001101111100111000000100
0001101000011111100001001111111011011011111010110001010001011111101111110100111000001011010111111110
0111010011000110011111001001001011011001111001001100011000001010101101100110011011000110111010000111
1010111011110110001101110110001011110011110001110011010001001011010100011110111111100100010001010110
1111001101100111010010001011001111101110110111101000000000011101010001011000000111101010001010100010
0010110001110010000101110000100001111000100001100011011111101101100110001011010011110001011001100111
1000101111110100000001000101100000110101111011000010110111000001110111110100111111101011010101010010
1001000101101001011010110110100000111110111010001000001000110011110001000000001001011101110000110110
1000000000001100011000101100010100010111110110010010001011101011001110011001000011101000111110101000
1111111011011000010101100011111100011000000100010101101010100101001111100000000010000001001011001000
1110101101110000001011000101101111000100001110010101000111000110100001011101100000010000011000010100
1101010110000000001011011101010011001101001001010100011001001101110100010010100100011000110111111110
1101110011101101110000100010100111111001011111101100100110111011001001010111010011110010111001101010
